-12.00 -12.00 -42.00 
-12.00 -12.00 -39.00 
-12.00 -12.00  3.00 
-12.00 -12.00  6.00 
-12.00 -9.00 -42.00 
-12.00 -9.00 -39.00 
-12.00 -9.00 -9.00 
-12.00 -9.00  0.00 
-12.00 -9.00  6.00 
-12.00 -6.00 -42.00 
-12.00 -6.00 -39.00 
-12.00 -6.00 -9.00 
-12.00 -6.00 -6.00 
-12.00 -6.00 -3.00 
-12.00 -6.00  3.00 
-12.00 -6.00  6.00 
-12.00 -3.00 -42.00 
-12.00 -3.00 -39.00 
-12.00 -3.00 -6.00 
-12.00 -3.00  3.00 
-12.00 -3.00  6.00 
-12.00  0.00 -42.00 
-12.00  0.00 -39.00 
-12.00  0.00 -3.00 
-12.00  0.00  0.00 
-12.00  0.00  6.00 
-12.00  3.00 -42.00 
-12.00  3.00 -39.00 
-12.00  3.00 -3.00 
-12.00  3.00  0.00 
-12.00  6.00 -42.00 
-12.00  6.00 -39.00 
-12.00  6.00 -3.00 
-12.00  6.00  3.00 
-12.00  6.00  6.00 
-12.00  9.00 -42.00 
-12.00  9.00 -39.00 
-12.00  9.00 -9.00 
-12.00  9.00 -3.00 
-12.00 12.00 -42.00 
-12.00 12.00 -39.00 
-12.00 12.00 -9.00 
-12.00 12.00 -6.00 
-12.00 12.00  0.00 
-12.00 12.00  3.00 
-12.00 12.00  6.00 
-9.00 -12.00 -42.00 
-9.00 -12.00 -39.00 
-9.00 -12.00 -6.00 
-9.00 -12.00 -3.00 
-9.00 -12.00  0.00 
-9.00 -12.00  6.00 
-9.00 -9.00 -42.00 
-9.00 -9.00 -39.00 
-9.00 -9.00 -3.00 
-9.00 -9.00  3.00 
-9.00 -9.00  6.00 
-9.00 -6.00 -42.00 
-9.00 -6.00 -39.00 
-9.00 -6.00 -9.00 
-9.00 -6.00 -3.00 
-9.00 -6.00  3.00 
-9.00 -3.00 -42.00 
-9.00 -3.00 -39.00 
-9.00 -3.00 -9.00 
-9.00 -3.00 -6.00 
-9.00 -3.00 -3.00 
-9.00 -3.00  3.00 
-9.00 -3.00  6.00 
-9.00  0.00 -42.00 
-9.00  0.00 -39.00 
-9.00  0.00 -6.00 
-9.00  0.00  0.00 
-9.00  0.00  3.00 
-9.00  0.00  6.00 
-9.00  3.00 -42.00 
-9.00  3.00 -39.00 
-9.00  3.00 -9.00 
-9.00  3.00 -6.00 
-9.00  3.00  3.00 
-9.00  3.00  6.00 
-9.00  6.00 -42.00 
-9.00  6.00 -39.00 
-9.00  6.00 -9.00 
-9.00  6.00  0.00 
-9.00  6.00  3.00 
-9.00  6.00  6.00 
-9.00  9.00 -42.00 
-9.00  9.00 -39.00 
-9.00  9.00 -9.00 
-9.00  9.00 -6.00 
-9.00  9.00 -3.00 
-9.00  9.00  0.00 
-9.00 12.00 -42.00 
-9.00 12.00 -39.00 
-9.00 12.00 -9.00 
-9.00 12.00  0.00 
-9.00 12.00  3.00 
-9.00 12.00  6.00 
-6.00 -12.00 -42.00 
-6.00 -12.00 -39.00 
-6.00 -12.00 -6.00 
-6.00 -12.00 -3.00 
-6.00 -12.00  0.00 
-6.00 -12.00  3.00 
-6.00 -12.00  6.00 
-6.00 -9.00 -42.00 
-6.00 -9.00 -39.00 
-6.00 -9.00 -9.00 
-6.00 -9.00 -3.00 
-6.00 -9.00  3.00 
-6.00 -9.00  6.00 
-6.00 -6.00 -42.00 
-6.00 -6.00 -39.00 
-6.00 -6.00 -9.00 
-6.00 -6.00 -3.00 
-6.00 -6.00  0.00 
-6.00 -6.00  3.00 
-6.00 -6.00  6.00 
-6.00 -3.00 -42.00 
-6.00 -3.00 -39.00 
-6.00 -3.00 -6.00 
-6.00 -3.00  0.00 
-6.00 -3.00  3.00 
-6.00 -3.00  6.00 
-6.00  0.00 -42.00 
-6.00  0.00 -39.00 
-6.00  0.00 -9.00 
-6.00  0.00 -6.00 
-6.00  0.00 -3.00 
-6.00  0.00  3.00 
-6.00  0.00  6.00 
-6.00  3.00 -42.00 
-6.00  3.00 -39.00 
-6.00  3.00 -3.00 
-6.00  3.00  0.00 
-6.00  3.00  6.00 
-6.00  6.00 -42.00 
-6.00  6.00 -39.00 
-6.00  9.00 -42.00 
-6.00  9.00 -39.00 
-6.00  9.00 -9.00 
-6.00  9.00 -6.00 
-6.00  9.00 -3.00 
-6.00  9.00  0.00 
-6.00  9.00  3.00 
-6.00 12.00 -42.00 
-6.00 12.00 -39.00 
-6.00 12.00 -9.00 
-6.00 12.00 -6.00 
-6.00 12.00 -3.00 
-6.00 12.00  0.00 
-6.00 12.00  3.00 
-6.00 12.00  6.00 
-3.00 -12.00 -42.00 
-3.00 -12.00 -39.00 
-3.00 -12.00 -9.00 
-3.00 -12.00 -3.00 
-3.00 -12.00  0.00 
-3.00 -12.00  3.00 
-3.00 -12.00  6.00 
-3.00 -9.00 -42.00 
-3.00 -9.00 -39.00 
-3.00 -9.00 -9.00 
-3.00 -6.00 -42.00 
-3.00 -6.00 -39.00 
-3.00 -6.00 -9.00 
-3.00 -6.00 -6.00 
-3.00 -6.00  0.00 
-3.00 -6.00  3.00 
-3.00 -3.00 -42.00 
-3.00 -3.00 -39.00 
-3.00 -3.00 -9.00 
-3.00 -3.00 -6.00 
-3.00 -3.00 -3.00 
-3.00 -3.00  0.00 
-3.00 -3.00  3.00 
-3.00  0.00 -42.00 
-3.00  0.00 -39.00 
-3.00  0.00 -9.00 
-3.00  0.00  0.00 
-3.00  0.00  3.00 
-3.00  3.00 -42.00 
-3.00  3.00 -39.00 
-3.00  3.00 -9.00 
-3.00  3.00 -6.00 
-3.00  3.00  6.00 
-3.00  6.00 -42.00 
-3.00  6.00 -39.00 
-3.00  6.00 -9.00 
-3.00  6.00 -6.00 
-3.00  6.00 -3.00 
-3.00  6.00  0.00 
-3.00  6.00  3.00 
-3.00  9.00 -42.00 
-3.00  9.00 -39.00 
-3.00  9.00 -9.00 
-3.00  9.00 -6.00 
-3.00  9.00 -3.00 
-3.00  9.00  0.00 
-3.00  9.00  6.00 
-3.00 12.00 -42.00 
-3.00 12.00 -39.00 
-3.00 12.00 -3.00 
-3.00 12.00  0.00 
-3.00 12.00  3.00 
 0.00 -12.00 -42.00 
 0.00 -12.00 -39.00 
 0.00 -12.00 -9.00 
 0.00 -12.00 -6.00 
 0.00 -12.00 -3.00 
 0.00 -12.00  0.00 
 0.00 -12.00  6.00 
 0.00 -9.00 -42.00 
 0.00 -9.00 -39.00 
 0.00 -9.00 -9.00 
 0.00 -9.00  0.00 
 0.00 -9.00  3.00 
 0.00 -9.00  6.00 
 0.00 -6.00 -42.00 
 0.00 -6.00 -39.00 
 0.00 -6.00 -9.00 
 0.00 -6.00 -6.00 
 0.00 -6.00 -3.00 
 0.00 -6.00  0.00 
 0.00 -6.00  6.00 
 0.00 -3.00 -42.00 
 0.00 -3.00 -39.00 
 0.00 -3.00 -9.00 
 0.00 -3.00 -6.00 
 0.00 -3.00  3.00 
 0.00 -3.00  6.00 
 0.00  0.00 -42.00 
 0.00  0.00 -39.00 
 0.00  0.00 -6.00 
 0.00  0.00 -3.00 
 0.00  0.00  0.00 
 0.00  0.00  6.00 
 0.00  3.00 -42.00 
 0.00  3.00 -39.00 
 0.00  3.00 -3.00 
 0.00  3.00  0.00 
 0.00  3.00  3.00 
 0.00  6.00 -42.00 
 0.00  6.00 -39.00 
 0.00  6.00 -9.00 
 0.00  6.00 -6.00 
 0.00  6.00 -3.00 
 0.00  6.00  3.00 
 0.00  9.00 -42.00 
 0.00  9.00 -39.00 
 0.00  9.00 -6.00 
 0.00  9.00  3.00 
 0.00 12.00 -42.00 
 0.00 12.00 -39.00 
 0.00 12.00 -6.00 
 0.00 12.00 -3.00 
 0.00 12.00  0.00 
 0.00 12.00  3.00 
 3.00 -12.00 -42.00 
 3.00 -12.00 -39.00 
 3.00 -12.00 -9.00 
 3.00 -12.00 -6.00 
 3.00 -12.00 -3.00 
 3.00 -12.00  0.00 
 3.00 -12.00  6.00 
 3.00 -9.00 -42.00 
 3.00 -9.00 -39.00 
 3.00 -9.00 -6.00 
 3.00 -9.00  0.00 
 3.00 -9.00  3.00 
 3.00 -6.00 -42.00 
 3.00 -6.00 -39.00 
 3.00 -6.00 -9.00 
 3.00 -6.00 -6.00 
 3.00 -6.00  6.00 
 3.00 -3.00 -42.00 
 3.00 -3.00 -39.00 
 3.00 -3.00 -6.00 
 3.00 -3.00  3.00 
 3.00 -3.00  6.00 
 3.00  0.00 -42.00 
 3.00  0.00 -39.00 
 3.00  0.00 -9.00 
 3.00  0.00  0.00 
 3.00  0.00  3.00 
 3.00  3.00 -42.00 
 3.00  3.00 -39.00 
 3.00  3.00 -9.00 
 3.00  3.00 -6.00 
 3.00  3.00 -3.00 
 3.00  3.00  3.00 
 3.00  6.00 -42.00 
 3.00  6.00 -39.00 
 3.00  6.00 -9.00 
 3.00  6.00 -3.00 
 3.00  6.00  0.00 
 3.00  6.00  3.00 
 3.00  6.00  6.00 
 3.00  9.00 -42.00 
 3.00  9.00 -39.00 
 3.00  9.00 -6.00 
 3.00  9.00 -3.00 
 3.00  9.00  3.00 
 3.00  9.00  6.00 
 3.00 12.00 -42.00 
 3.00 12.00 -39.00 
 3.00 12.00 -6.00 
 3.00 12.00 -3.00 
 3.00 12.00  0.00 
 6.00 -12.00 -42.00 
 6.00 -12.00 -39.00 
 6.00 -12.00  0.00 
 6.00 -12.00  3.00 
 6.00 -9.00 -42.00 
 6.00 -9.00 -39.00 
 6.00 -9.00 -6.00 
 6.00 -9.00 -3.00 
 6.00 -9.00  3.00 
 6.00 -9.00  6.00 
 6.00 -6.00 -42.00 
 6.00 -6.00 -39.00 
 6.00 -6.00 -9.00 
 6.00 -6.00 -6.00 
 6.00 -6.00 -3.00 
 6.00 -6.00  3.00 
 6.00 -6.00  6.00 
 6.00 -3.00 -42.00 
 6.00 -3.00 -39.00 
 6.00 -3.00 -3.00 
 6.00 -3.00  0.00 
 6.00  0.00 -42.00 
 6.00  0.00 -39.00 
 6.00  0.00 -9.00 
 6.00  0.00 -6.00 
 6.00  0.00 -3.00 
 6.00  0.00  6.00 
 6.00  3.00 -42.00 
 6.00  3.00 -39.00 
 6.00  3.00  0.00 
 6.00  6.00 -42.00 
 6.00  6.00 -39.00 
 6.00  6.00 -6.00 
 6.00  6.00  0.00 
 6.00  9.00 -42.00 
 6.00  9.00 -39.00 
 6.00  9.00 -9.00 
 6.00  9.00 -6.00 
 6.00  9.00  0.00 
 6.00 12.00 -42.00 
 6.00 12.00 -39.00 
 6.00 12.00  3.00 
 6.00 12.00  6.00 
 9.00 -12.00 -42.00 
 9.00 -12.00 -39.00 
 9.00 -12.00  3.00 
 9.00 -12.00  6.00 
 9.00 -9.00 -42.00 
 9.00 -9.00 -39.00 
 9.00 -9.00 -9.00 
 9.00 -9.00 -3.00 
 9.00 -9.00  3.00 
 9.00 -6.00 -42.00 
 9.00 -6.00 -39.00 
 9.00 -6.00 -9.00 
 9.00 -6.00  6.00 
 9.00 -3.00 -42.00 
 9.00 -3.00 -39.00 
 9.00 -3.00 -9.00 
 9.00 -3.00 -3.00 
 9.00 -3.00  0.00 
 9.00 -3.00  6.00 
 9.00  0.00 -42.00 
 9.00  0.00 -39.00 
 9.00  0.00 -6.00 
 9.00  0.00 -3.00 
 9.00  0.00  0.00 
 9.00  0.00  3.00 
 9.00  0.00  6.00 
 9.00  3.00 -42.00 
 9.00  3.00 -39.00 
 9.00  3.00 -9.00 
 9.00  3.00 -6.00 
 9.00  3.00  6.00 
 9.00  6.00 -42.00 
 9.00  6.00 -39.00 
 9.00  6.00 -6.00 
 9.00  6.00  6.00 
 9.00  9.00 -42.00 
 9.00  9.00 -39.00 
 9.00  9.00 -6.00 
 9.00  9.00 -3.00 
 9.00  9.00  0.00 
 9.00  9.00  3.00 
 9.00  9.00  6.00 
 9.00 12.00 -42.00 
 9.00 12.00 -39.00 
 9.00 12.00 -9.00 
 9.00 12.00 -6.00 
 9.00 12.00 -3.00 
 9.00 12.00  6.00 
12.00 -12.00 -42.00 
12.00 -12.00 -39.00 
12.00 -12.00 -9.00 
12.00 -12.00  3.00 
12.00 -9.00 -42.00 
12.00 -9.00 -39.00 
12.00 -9.00 -9.00 
12.00 -9.00 -6.00 
12.00 -9.00 -3.00 
12.00 -9.00  3.00 
12.00 -6.00 -42.00 
12.00 -6.00 -39.00 
12.00 -6.00 -9.00 
12.00 -6.00 -6.00 
12.00 -6.00 -3.00 
12.00 -6.00  0.00 
12.00 -6.00  3.00 
12.00 -3.00 -42.00 
12.00 -3.00 -39.00 
12.00 -3.00 -9.00 
12.00 -3.00 -3.00 
12.00 -3.00  0.00 
12.00 -3.00  6.00 
12.00  0.00 -42.00 
12.00  0.00 -39.00 
12.00  0.00 -3.00 
12.00  0.00  3.00 
12.00  0.00  6.00 
12.00  3.00 -42.00 
12.00  3.00 -39.00 
12.00  3.00 -9.00 
12.00  3.00  3.00 
12.00  6.00 -42.00 
12.00  6.00 -39.00 
12.00  6.00 -6.00 
12.00  6.00  0.00 
12.00  6.00  3.00 
12.00  9.00 -42.00 
12.00  9.00 -39.00 
12.00  9.00 -9.00 
12.00  9.00 -6.00 
12.00  9.00  0.00 
12.00  9.00  3.00 
12.00  9.00  6.00 
12.00 12.00 -42.00 
12.00 12.00 -39.00 
12.00 12.00 -6.00 
12.00 12.00 -3.00 
12.00 12.00  6.00 
